ID,Name,User,TimeStamp,Type,Accel_X,Accel_Y,Accel_Z,Azimuth,Pitch,Roll,Magnetic,Gyro_X,Gyro_Y,Gyro_Z,GPS_Lat,GPS_Lon,GPS_Alt,GPS_Accuracy,GPS_Speed,GPS_Bearing,session_id,race_id
1513,Чкаловская 3,Andrey,1435912803829,Raw,-0.8308412,1.3756552,10.119919,339.48962,-8.764839,-5.7182693,14.58,-0.038789943,-0.129198,0.008857546,-1.0,-1.0,-1.0,-1.0,-1.0,-1.0,597024711,1435912803
,ServiceLog,Andrey,1435912804242,Raw,-0.53119355,1.8251266,10.378705,321.3671,-8.677852,-5.3690643,15.599999,0.28527406,-0.13530666,-0.0033597588,-1.0,-1.0,-1.0,-1.0,-1.0,-1.0,597024711,1435912803
,ServiceLog,Andrey,1435912805289,Raw,0.61291564,1.5799603,10.446807,265.0678,-7.493814,1.0138215,15.78,-0.33200526,0.21227567,0.027488936,-1.0,-1.0,-1.0,-1.0,-1.0,-1.0,597024711,1435912803
,ServiceLog,Andrey,1435912806353,Raw,0.21792556,1.7434045,9.901993,271.41318,-9.150674,0.1413535,23.46,0.2932153,-0.08857546,0.1255328,-1.0,-1.0,-1.0,-1.0,-1.0,-1.0,597024711,1435912803
,ServiceLog,Andrey,1435912807451,Raw,0.40861043,1.5118586,9.152874,251.90729,-9.733248,2.0284674,18.359999,-0.110872045,-0.16982053,-0.06352998,-1.0,-1.0,-1.0,-1.0,-1.0,-1.0,597024711,1435912803
,ServiceLog,Andrey,1435912808553,Raw,0.44947147,1.5390993,10.092678,218.26668,-9.795771,0.9993872,14.28,-0.003970624,0.020463986,0.09132435,-1.0,-1.0,-1.0,-1.0,-1.0,-1.0,597024711,1435912803
,ServiceLog,Andrey,1435912809596,Raw,0.35412905,1.6480621,10.310603,257.7906,-9.488955,3.6550562,17.52,-0.039095376,0.015882496,-0.0036651916,-1.0,-1.0,-1.0,-1.0,-1.0,-1.0,597024711,1435912803
,ServiceLog,Andrey,1435912810671,Raw,0.40861043,1.6889231,9.983715,237.32014,-9.686721,3.1691937,26.88,0.021991149,-0.03848451,-0.03604105,-1.0,-1.0,-1.0,-1.0,-1.0,-1.0,597024711,1435912803
,ServiceLog,Andrey,1435912811780,Raw,0.35412905,1.7706453,10.051817,222.29784,-10.737409,2.08933,21.119999,-0.008246681,0.13194689,0.073303826,-1.0,-1.0,-1.0,-1.0,-1.0,-1.0,597024711,1435912803
,ServiceLog,Andrey,1435912812825,Raw,-0.027240695,1.96133,10.351464,218.10838,-10.489277,2.5613132,13.799999,-0.07147124,0.12370021,-0.035124753,-1.0,-1.0,-1.0,-1.0,-1.0,-1.0,597024711,1435912803
,ServiceLog,Andrey,1435912813913,Raw,0.13620348,1.7842655,9.929234,218.03235,-10.874328,1.0850216,14.94,-0.049480084,-0.021685716,-0.03573562,-1.0,-1.0,-1.0,-1.0,-1.0,-1.0,597024711,1435912803
1514,Чкаловская 4,Andrey,1435912814952,Raw,-0.095342435,1.8659877,10.133538,207.77443,-10.603952,-0.44293022,13.799999,0.056505036,0.09896017,0.06688975,-1.0,-1.0,-1.0,-1.0,-1.0,-1.0,597024711,1435912803
,ServiceLog,Andrey,1435912815003,Raw,-0.095342435,1.8659877,10.133538,207.77443,-10.603952,-0.44293022,13.799999,0.056505036,0.09896017,0.06688975,-1.0,-1.0,-1.0,-1.0,-1.0,-1.0,597024711,1435912803
,ServiceLog,Andrey,1435912816046,Raw,0.05448139,2.0294318,10.392325,229.75064,-9.886662,-0.0033214127,22.32,-0.12186762,0.20097467,-0.15393804,-1.0,-1.0,-1.0,-1.0,-1.0,-1.0,597024711,1435912803
,ServiceLog,Andrey,1435912817094,Raw,-1.6753027,1.8523673,9.861132,244.20862,-12.367922,-8.875385,51.96,0.018325957,0.070249505,-0.02565634,-1.0,-1.0,-1.0,-1.0,-1.0,-1.0,597024711,1435912803
,ServiceLog,Andrey,1435912818139,Raw,-1.920469,2.8738933,8.798744,228.2008,-16.175758,-12.064327,38.579998,-0.1020145,0.17195857,-0.12522738,-1.0,-1.0,-1.0,-1.0,-1.0,-1.0,597024711,1435912803
,ServiceLog,Andrey,1435912819177,Raw,-1.7570249,2.9964764,9.01667,220.86975,-17.072481,-8.713675,35.34,0.14019357,-0.37598756,0.25350907,-1.0,-1.0,-1.0,-1.0,-1.0,-1.0,597024711,1435912803
,ServiceLog,Andrey,1435912820219,Raw,-0.16344418,1.4028958,10.623871,117.10943,-5.3951745,-2.275001,-67.439995,0.065973446,-0.27672195,-0.1282817,-1.0,-1.0,-1.0,-1.0,-1.0,-1.0,597024711,1435912803
,ServiceLog,Andrey,1435912821246,Raw,-0.19068487,1.334794,9.765789,235.84515,-7.38592,-0.49455446,23.64,-0.15027285,-0.1591304,0.02107485,-1.0,-1.0,-1.0,-1.0,-1.0,-1.0,597024711,1435912803
,ServiceLog,Andrey,1435912822265,Raw,-0.14982383,1.5390993,9.643207,217.72609,-9.463989,-0.37928942,15.54,-0.124005646,0.040927973,-0.07574729,-1.0,-1.0,-1.0,-1.0,-1.0,-1.0,597024711,1435912803
,ServiceLog,Andrey,1435912823291,Raw,-1.0623871,1.4028958,10.664732,193.72977,-8.155875,-6.057609,20.46,-0.07971791,0.23915374,0.03940081,-1.0,-1.0,-1.0,-1.0,-1.0,-1.0,597024711,1435912803
,ServiceLog,Andrey,1435912824305,Raw,-0.95342433,1.6753027,9.697687,217.90977,-9.416898,-5.9889483,29.22,-0.0290161,-0.31520647,-0.055588737,-1.0,-1.0,-1.0,-1.0,-1.0,-1.0,597024711,1435912803
,ServiceLog,Andrey,1435912825321,Raw,-0.29964766,2.3563201,10.61025,222.21246,-12.656541,-2.8438482,21.0,0.07238753,0.07391469,0.0027488936,-1.0,-1.0,-1.0,-1.0,-1.0,-1.0,597024711,1435912803
,ServiceLog,Andrey,1435912826441,Raw,-0.7763598,1.7297841,9.234595,335.35794,-10.56166,-0.6097962,8.34,-0.13469578,-0.12889257,-0.018325957,-1.0,-1.0,-1.0,-1.0,-1.0,-1.0,597024711,1435912803
,ServiceLog,Andrey,1435912827507,Raw,-0.7627395,2.0566726,9.588725,23.713892,-10.780778,-4.015074,-5.1,-0.17837265,0.1966986,-0.18112154,-1.0,-1.0,-1.0,-1.0,-1.0,-1.0,597024711,1435912803
,ServiceLog,Andrey,1435912828555,Raw,-0.6537767,2.2473574,11.277648,21.25234,-11.573612,-3.6688297,-6.12,0.19975294,-0.008552114,-0.014049901,-1.0,-1.0,-1.0,-1.0,-1.0,-1.0,597024711,1435912803
,ServiceLog,Andrey,1435912829619,Raw,-0.50395286,1.8387469,10.392325,39.43307,-10.887382,-4.24389,-9.12,0.18112154,-0.09590584,0.046731193,-1.0,-1.0,-1.0,-1.0,-1.0,-1.0,597024711,1435912803
,ServiceLog,Andrey,1435912830672,Raw,-0.9670447,2.002191,9.79303,315.47275,-11.465633,-5.927203,2.6399999,0.17715092,-0.13836098,0.06994407,-1.0,-1.0,-1.0,-1.0,-1.0,-1.0,597024711,1435912803
,ServiceLog,Andrey,1435912831709,Raw,-0.92618364,1.8387469,10.2152605,13.545668,-10.9096365,-6.0206366,-5.58,0.08155051,0.026267206,-0.09621128,-1.0,-1.0,-1.0,-1.0,-1.0,-1.0,597024711,1435912803
,ServiceLog,Andrey,1435912832774,Raw,-0.9125633,2.3426998,9.112013,31.76315,-12.0722475,-5.601,-5.64,0.03756821,0.13713925,-0.116980694,-1.0,-1.0,-1.0,-1.0,-1.0,-1.0,597024711,1435912803
,ServiceLog,Andrey,1435912833838,Raw,-0.32688835,1.7706453,9.057531,0.48950452,-10.086205,-4.937433,-2.7,0.038179077,0.14477506,-0.046120327,-1.0,-1.0,-1.0,-1.0,-1.0,-1.0,597024711,1435912803
,ServiceLog,Andrey,1435912834866,Raw,-0.35412905,1.920469,10.746454,45.58535,-10.869333,-3.4887366,-7.14,0.04520403,-0.06078109,0.014049901,-1.0,-1.0,-1.0,-1.0,-1.0,-1.0,597024711,1435912803
,ServiceLog,Andrey,1435912835911,Raw,-0.50395286,2.315459,10.160779,26.052345,-11.558553,-4.2952895,-4.2599998,-0.061391957,-0.05497787,-0.086437434,-1.0,-1.0,-1.0,-1.0,-1.0,-1.0,597024711,1435912803
,ServiceLog,Andrey,1435912836951,Raw,-0.5720546,1.7706453,10.514909,0.9597651,-11.399529,-4.2656865,-2.34,-0.20799962,-0.10995574,0.08735373,-1.0,-1.0,-1.0,-1.0,-1.0,-1.0,597024711,1435912803
,ServiceLog,Andrey,1435912838066,Raw,-0.7218784,1.7025435,9.588725,8.782834,-10.683885,-3.2199516,-4.3199997,0.04428773,-0.07422013,0.02107485,-1.0,-1.0,-1.0,-1.0,-1.0,-1.0,597024711,1435912803
,ServiceLog,Andrey,1435912839097,Raw,-0.58567494,2.2473574,10.61025,11.032701,-10.773065,-3.2849941,-4.02,-0.02565634,0.11911872,-0.13225232,-1.0,-1.0,-1.0,-1.0,-1.0,-1.0,597024711,1435912803
,ServiceLog,Andrey,1435912840140,Raw,-0.55843425,2.2745981,10.446807,17.606709,-12.040483,-2.9818008,-6.18,-0.18295415,-0.00580322,-0.0421497,-1.0,-1.0,-1.0,-1.0,-1.0,-1.0,597024711,1435912803
,ServiceLog,Andrey,1435912841228,Raw,-0.61291564,2.315459,10.106298,22.71683,-12.356197,-2.8214211,-6.8399997,0.012217305,-0.16584991,-0.09773844,-1.0,-1.0,-1.0,-1.0,-1.0,-1.0,597024711,1435912803
,ServiceLog,Andrey,1435912842240,Raw,-0.47671217,2.4789033,9.929234,17.043955,-12.760808,-2.321805,-5.22,0.004886922,-0.05222898,-0.083383106,-1.0,-1.0,-1.0,-1.0,-1.0,-1.0,597024711,1435912803
,ServiceLog,Andrey,1435912843260,Raw,-0.5720546,2.002191,10.869038,27.3361,-10.822592,-3.0026498,-10.92,-0.22143865,0.12003502,-0.17989981,-1.0,-1.0,-1.0,-1.0,-1.0,-1.0,597024711,1435912803
,ServiceLog,Andrey,1435912844268,Raw,-0.47671217,2.152015,9.820271,21.750412,-11.1999,-1.6574022,-6.96,0.10354166,0.011911872,-0.09437868,-1.0,-1.0,-1.0,-1.0,-1.0,-1.0,597024711,1435912803
,ServiceLog,Andrey,1435912845280,Raw,-0.55843425,1.9477097,9.929234,9.385667,-10.219009,-3.1428602,-6.54,-0.07941248,0.0842994,-0.05222898,-1.0,-1.0,-1.0,-1.0,-1.0,-1.0,597024711,1435912803
,ServiceLog,Andrey,1435912846322,Raw,-0.27240697,1.7297841,10.96438,27.22801,-9.506393,-2.724475,-5.52,0.012217305,-0.032986723,-0.022602014,-1.0,-1.0,-1.0,-1.0,-1.0,-1.0,597024711,1435912803
,ServiceLog,Andrey,1435912847329,Raw,-0.50395286,2.002191,9.847511,8.962434,-10.647919,-1.5715295,-2.6399999,0.16707164,-0.12339478,0.019242255,-1.0,-1.0,-1.0,-1.0,-1.0,-1.0,597024711,1435912803
,ServiceLog,Andrey,1435912848357,Raw,-0.54481393,1.96133,9.697687,1.1951649,-10.410159,-2.36564,-3.24,-0.07971791,0.021991149,-0.064751714,-1.0,-1.0,-1.0,-1.0,-1.0,-1.0,597024711,1435912803
,ServiceLog,Andrey,1435912849373,Raw,-0.20430522,1.8523673,10.514909,43.781807,-9.7933035,-1.2641339,-15.24,-0.112704635,0.0852157,-0.0030543262,-1.0,-1.0,-1.0,-1.0,-1.0,-1.0,597024711,1435912803
,ServiceLog,Andrey,1435912850401,Raw,-0.19068487,1.9068487,9.901993,17.633366,-10.718733,-1.0083659,-5.22,-0.1133155,0.023518313,-0.021685716,-1.0,-1.0,-1.0,-1.0,-1.0,-1.0,597024711,1435912803
,ServiceLog,Andrey,1435912851410,Raw,-0.313268,1.8659877,9.575105,17.507038,-10.830399,-1.2513851,-7.68,-0.03634648,0.03726278,0.03268129,-1.0,-1.0,-1.0,-1.0,-1.0,-1.0,597024711,1435912803
,ServiceLog,Andrey,1435912852428,Raw,-0.29964766,2.2064962,10.787315,13.665619,-10.5961,-2.0815437,-7.08,0.04886922,-0.069027774,-0.14813483,-1.0,-1.0,-1.0,-1.0,-1.0,-1.0,597024711,1435912803
,ServiceLog,Andrey,1435912853439,Raw,-0.027240695,2.192876,10.092678,8.557064,-11.108225,-1.7590615,-4.68,0.086437434,-0.10995574,-0.12003502,-1.0,-1.0,-1.0,-1.0,-1.0,-1.0,597024711,1435912803
,ServiceLog,Andrey,1435912854453,Raw,-0.40861043,2.1247742,9.507003,28.269188,-11.142024,-2.2282372,-9.9,-0.015271631,0.022602014,0.018020526,-1.0,-1.0,-1.0,-1.0,-1.0,-1.0,597024711,1435912803
,ServiceLog,Andrey,1435912855478,Raw,-0.38136974,1.879608,10.065437,12.244999,-9.913316,-2.0214853,-4.74,0.06383542,-0.03848451,-0.082161374,-1.0,-1.0,-1.0,-1.0,-1.0,-1.0,597024711,1435912803
,ServiceLog,Andrey,1435912856507,Raw,-0.19068487,1.9068487,10.106298,18.217888,-10.12946,-1.224492,-2.52,-0.008552114,0.062308256,-0.043676864,-1.0,-1.0,-1.0,-1.0,-1.0,-1.0,597024711,1435912803
,ServiceLog,Andrey,1435912857519,Raw,-0.17706452,1.6344417,10.051817,9.047952,-9.030748,-1.6669194,-5.22,-0.071776666,0.06291912,-0.113926366,-1.0,-1.0,-1.0,-1.0,-1.0,-1.0,597024711,1435912803
,ServiceLog,Andrey,1435912858536,Raw,-0.13620348,2.0294318,9.670447,21.969467,-9.127421,-1.3634405,-6.6,0.021991149,0.0061086523,0.030848695,-1.0,-1.0,-1.0,-1.0,-1.0,-1.0,597024711,1435912803
,ServiceLog,Andrey,1435912859549,Raw,-0.17706452,1.7706453,9.833891,13.733507,-10.233468,-0.95970273,-7.98,0.05497787,-0.058948494,0.108123146,-1.0,-1.0,-1.0,-1.0,-1.0,-1.0,597024711,1435912803
,ServiceLog,Andrey,1435912860562,Raw,-0.35412905,1.4165162,10.283362,18.331423,-10.09799,-1.8014833,-7.74,-0.14752395,0.24098633,-0.05589417,-1.0,-1.0,-1.0,-1.0,-1.0,-1.0,597024711,1435912803
,ServiceLog,Andrey,1435912861575,Raw,-0.5992953,1.8387469,9.79303,53.509125,-10.458507,-1.7346615,-9.54,0.10170906,-0.01985312,0.06566802,-1.0,-1.0,-1.0,-1.0,-1.0,-1.0,597024711,1435912803
,ServiceLog,Andrey,1435912862584,Raw,-0.20430522,1.8932283,9.643207,41.189533,-11.158011,-0.30368826,-9.48,-0.06872234,0.071776666,-0.04428773,-1.0,-1.0,-1.0,-1.0,-1.0,-1.0,597024711,1435912803
,ServiceLog,Andrey,1435912863603,Raw,-0.19068487,1.9749504,10.228881,30.69007,-11.095409,-1.4594469,-9.0,-0.070249505,0.025045475,-0.03268129,-1.0,-1.0,-1.0,-1.0,-1.0,-1.0,597024711,1435912803
,ServiceLog,Andrey,1435912864636,Raw,-0.013620348,1.879608,10.174399,56.167854,-10.259987,-1.2087612,-13.259999,-0.022296581,0.06811147,-0.13316862,-1.0,-1.0,-1.0,-1.0,-1.0,-1.0,597024711,1435912803
,ServiceLog,Andrey,1435912865649,Raw,-0.095342435,1.9340894,10.092678,40.860523,-10.271202,-1.1871542,-11.46,-0.00030543262,-0.017715093,0.05375614,-1.0,-1.0,-1.0,-1.0,-1.0,-1.0,597024711,1435912803
,ServiceLog,Andrey,1435912866663,Raw,-0.12258313,1.7434045,10.256122,28.879108,-9.512978,-0.8841444,-7.56,-0.006414085,-0.016493361,0.024129177,-1.0,-1.0,-1.0,-1.0,-1.0,-1.0,597024711,1435912803
,ServiceLog,Andrey,1435912867670,Raw,0.05448139,1.5799603,10.705593,40.50601,-8.860585,-0.7032753,-8.46,0.077579886,-0.07391469,0.09315695,-1.0,-1.0,-1.0,-1.0,-1.0,-1.0,597024711,1435912803
,ServiceLog,Andrey,1435912868687,Raw,-0.095342435,1.4437568,9.874752,27.937517,-7.6262393,-0.7261117,-8.46,-0.010079277,-0.06566802,-0.055283304,-1.0,-1.0,-1.0,-1.0,-1.0,-1.0,597024711,1435912803
,ServiceLog,Andrey,1435912869700,Raw,0.14982383,1.7706453,9.670447,44.491802,-8.8604,-0.42125955,-7.3799996,0.13225232,-0.06505715,-0.04428773,-1.0,-1.0,-1.0,-1.0,-1.0,-1.0,597024711,1435912803
,ServiceLog,Andrey,1435912870740,Raw,-0.095342435,1.5118586,10.119919,51.262917,-9.581537,-0.55611813,-11.28,-0.073303826,-0.01160644,0.036957346,-1.0,-1.0,-1.0,-1.0,-1.0,-1.0,597024711,1435912803
,ServiceLog,Andrey,1435912871763,Raw,-0.06810174,1.6616824,10.296983,42.703785,-9.766383,-0.87130135,-7.56,-0.01038471,-0.10170906,0.10293079,-1.0,-1.0,-1.0,-1.0,-1.0,-1.0,597024711,1435912803
,ServiceLog,Andrey,1435912872771,Raw,-0.06810174,1.6753027,10.038197,61.446327,-10.272414,-0.25321245,-11.639999,0.048563786,-0.0571159,0.07513642,-1.0,-1.0,-1.0,-1.0,-1.0,-1.0,597024711,1435912803
,ServiceLog,Andrey,1435912873792,Raw,0.05448139,1.4437568,9.997335,45.121353,-10.057337,0.60296154,-10.62,-0.058337633,0.084910266,0.12308934,-1.0,-1.0,-1.0,-1.0,-1.0,-1.0,597024711,1435912803
,ServiceLog,Andrey,1435912874819,Raw,0.027240695,1.6344417,10.18802,34.273266,-9.96983,0.23604518,-10.44,0.069027774,0.043676864,0.027794369,-1.0,-1.0,-1.0,-1.0,-1.0,-1.0,597024711,1435912803
,ServiceLog,Andrey,1435912875826,Raw,-0.05448139,1.6753027,9.602345,54.396957,-10.558778,-0.3337511,-13.5,-0.009468411,-0.0076358155,0.10781772,-1.0,-1.0,-1.0,-1.0,-1.0,-1.0,597024711,1435912803
,ServiceLog,Andrey,1435912876849,Raw,0.027240695,1.879608,9.575105,69.49056,-10.396668,-0.37109452,-8.34,0.09285152,-0.011301007,-0.028710667,-1.0,-1.0,-1.0,-1.0,-1.0,-1.0,597024711,1435912803
,ServiceLog,Andrey,1435912877886,Raw,-0.06810174,1.7025435,9.79303,42.38136,-10.1924515,-0.38951978,-14.28,0.022602014,0.003970624,0.049480084,-1.0,-1.0,-1.0,-1.0,-1.0,-1.0,597024711,1435912803
,ServiceLog,Andrey,1435912878900,Raw,-0.040861044,1.9068487,10.20164,20.559818,-10.099348,-0.14234361,-7.74,-0.064751714,0.0888809,0.060170226,-1.0,-1.0,-1.0,-1.0,-1.0,-1.0,597024711,1435912803
,ServiceLog,Andrey,1435912879946,Raw,0.16344418,1.7706453,10.051817,37.904545,-9.6427555,0.4664048,-10.98,-0.048258353,0.106901415,-0.083383106,-1.0,-1.0,-1.0,-1.0,-1.0,-1.0,597024711,1435912803
,ServiceLog,Andrey,1435912880961,Raw,0.013620348,1.96133,10.296983,36.745922,-10.985269,-0.7075493,-7.3799996,-0.14874569,0.028710667,-0.015882496,-1.0,-1.0,-1.0,-1.0,-1.0,-1.0,597024711,1435912803
,ServiceLog,Andrey,1435912881985,Raw,0.05448139,1.4709976,10.18802,77.09214,-9.889523,-0.26974756,-8.94,0.14355333,-0.14019357,0.07971791,-1.0,-1.0,-1.0,-1.0,-1.0,-1.0,597024711,1435912803
,ServiceLog,Andrey,1435912882994,Raw,0.12258313,1.6753027,10.310603,45.537308,-10.191618,0.076592915,-12.719999,-0.02076942,0.07422013,-0.049785517,-1.0,-1.0,-1.0,-1.0,-1.0,-1.0,597024711,1435912803
,ServiceLog,Andrey,1435912884009,Raw,-0.05448139,2.070293,9.343558,92.258484,-10.832805,-0.77119225,-19.439999,-0.01160644,0.084910266,-0.009468411,-1.0,-1.0,-1.0,-1.0,-1.0,-1.0,597024711,1435912803
,ServiceLog,Andrey,1435912885039,Raw,-0.25878662,2.0430522,10.010956,65.24653,-10.896988,-1.0698966,-10.2,0.059864793,-0.07880162,-0.04428773,-1.0,-1.0,-1.0,-1.0,-1.0,-1.0,597024711,1435912803
,ServiceLog,Andrey,1435912886051,Raw,-0.12258313,1.920469,9.956474,90.309685,-11.146258,-0.30276987,-17.279999,0.13897185,0.01038471,0.0571159,-1.0,-1.0,-1.0,-1.0,-1.0,-1.0,597024711,1435912803
,ServiceLog,Andrey,1435912887063,Raw,-0.14982383,2.1111538,9.901993,71.701,-11.012301,-1.3948135,-12.12,0.056505036,-0.06688975,0.071776666,-1.0,-1.0,-1.0,-1.0,-1.0,-1.0,597024711,1435912803
,ServiceLog,Andrey,1435912888100,Raw,-0.38136974,2.083913,9.520623,73.00665,-11.409563,-1.6175745,-15.299999,0.076052725,-0.034208454,-0.06169739,-1.0,-1.0,-1.0,-1.0,-1.0,-1.0,597024711,1435912803
,ServiceLog,Andrey,1435912889115,Raw,-0.21792556,1.8659877,9.915613,40.33031,-9.833381,-0.7689421,-15.96,-0.01160644,0.02443461,0.007330383,-1.0,-1.0,-1.0,-1.0,-1.0,-1.0,597024711,1435912803
,ServiceLog,Andrey,1435912890128,Raw,-0.08172209,2.0294318,9.80665,37.87372,-10.463385,-1.0938394,-12.66,-0.07391469,0.040927973,-0.016798794,-1.0,-1.0,-1.0,-1.0,-1.0,-1.0,597024711,1435912803
,ServiceLog,Andrey,1435912891164,Raw,-0.06810174,1.8659877,9.861132,47.09344,-10.908228,-0.89474833,-16.92,-0.027794369,-0.0015271631,0.025045475,-1.0,-1.0,-1.0,-1.0,-1.0,-1.0,597024711,1435912803
,ServiceLog,Andrey,1435912892173,Raw,-0.027240695,1.7161638,9.697687,26.675844,-11.012303,-1.1391025,-13.44,0.027183503,-0.0015271631,0.058643065,-1.0,-1.0,-1.0,-1.0,-1.0,-1.0,597024711,1435912803
,ServiceLog,Andrey,1435912893184,Raw,-0.313268,1.7706453,9.779409,47.409092,-10.1827,-1.5459603,-15.059999,-0.05375614,0.086132,-0.098043874,-1.0,-1.0,-1.0,-1.0,-1.0,-1.0,597024711,1435912803
,ServiceLog,Andrey,1435912894197,Raw,-0.25878662,1.7978859,10.20164,84.23378,-9.989782,-1.3559422,-11.16,-0.038789943,0.06719518,-0.035124753,-1.0,-1.0,-1.0,-1.0,-1.0,-1.0,597024711,1435912803
,ServiceLog,Andrey,1435912895241,Raw,-0.24516626,1.8932283,9.956474,59.22414,-9.552605,-1.9365556,-16.56,0.023518313,0.027794369,0.0015271631,-1.0,-1.0,-1.0,-1.0,-1.0,-1.0,597024711,1435912803
,ServiceLog,Andrey,1435912896265,Raw,-0.2860273,1.7842655,10.283362,64.51128,-10.120706,-1.9930296,-20.16,0.052534413,0.013439035,0.05375614,-1.0,-1.0,-1.0,-1.0,-1.0,-1.0,597024711,1435912803
,ServiceLog,Andrey,1435912897285,Raw,-0.29964766,1.7842655,9.670447,116.31221,-10.423668,-1.8489256,-21.779999,0.03604105,0.035124753,0.06994407,-1.0,-1.0,-1.0,-1.0,-1.0,-1.0,597024711,1435912803
,ServiceLog,Andrey,1435912898315,Raw,-0.38136974,1.8115063,9.915613,31.708473,-9.987163,-2.7113223,-7.14,0.06872234,-0.034208454,0.115453534,-1.0,-1.0,-1.0,-1.0,-1.0,-1.0,597024711,1435912803
,ServiceLog,Andrey,1435912899322,Raw,-0.14982383,1.8387469,10.079058,71.34936,-11.378572,-1.7943783,-12.599999,0.015271631,-0.0021380284,-0.04153884,-1.0,-1.0,-1.0,-1.0,-1.0,-1.0,597024711,1435912803
,ServiceLog,Andrey,1435912900337,Raw,-0.626536,1.8523673,9.833891,65.73993,-10.385679,-3.6371284,-14.5199995,0.011301007,0.183565,-0.05589417,-1.0,-1.0,-1.0,-1.0,-1.0,-1.0,597024711,1435912803
,ServiceLog,Andrey,1435912901403,Raw,-1.5118586,1.6889231,10.024576,349.97562,-8.795328,-7.7040563,-1.62,0.29749137,0.021380283,-0.42852196,-1.0,-1.0,-1.0,-1.0,-1.0,-1.0,597024711,1435912803
,ServiceLog,Andrey,1435912902432,Raw,-0.7218784,1.7978859,9.738548,44.192455,-9.729834,-5.3858447,-9.9,-0.022296581,0.00030543262,0.02687807,-1.0,-1.0,-1.0,-1.0,-1.0,-1.0,597024711,1435912803
,ServiceLog,Andrey,1435912903445,Raw,-0.87170225,1.6753027,9.643207,78.00466,-9.860422,-5.3972917,-15.78,-0.022907447,0.029932396,0.02443461,-1.0,-1.0,-1.0,-1.0,-1.0,-1.0,597024711,1435912803
,ServiceLog,Andrey,1435912904481,Raw,-0.939804,1.6344417,9.997335,22.866014,-9.499311,-5.9103847,-4.8599997,-0.21044308,0.025045475,0.014049901,-1.0,-1.0,-1.0,-1.0,-1.0,-1.0,597024711,1435912803
,ServiceLog,Andrey,1435912905512,Raw,-1.2803127,1.7706453,9.861132,68.74904,-9.169935,-6.5981965,-6.66,0.10781772,-0.16432275,0.015882496,-1.0,-1.0,-1.0,-1.0,-1.0,-1.0,597024711,1435912803
,ServiceLog,Andrey,1435912906588,Raw,-0.980665,1.5799603,10.024576,123.82536,-8.907232,-5.5400953,-15.599999,0.06963864,-0.004581489,0.049480084,-1.0,-1.0,-1.0,-1.0,-1.0,-1.0,597024711,1435912803
,ServiceLog,Andrey,1435912907690,Raw,-0.980665,1.484618,10.228881,64.08487,-8.526501,-5.728374,-8.5199995,0.04184427,-0.034513887,0.022296581,-1.0,-1.0,-1.0,-1.0,-1.0,-1.0,597024711,1435912803
,ServiceLog,Andrey,1435912908716,Raw,-1.0896279,1.56634,10.010956,140.5054,-8.771929,-6.7246923,-5.94,-0.0720821,0.016187929,0.031154128,-1.0,-1.0,-1.0,-1.0,-1.0,-1.0,597024711,1435912803
,ServiceLog,Andrey,1435912909751,Raw,-1.1849703,1.4437568,10.051817,110.99665,-8.655146,-6.6966343,-15.36,-0.07666359,0.022907447,0.03268129,-1.0,-1.0,-1.0,-1.0,-1.0,-1.0,597024711,1435912803
,ServiceLog,Andrey,1435912910818,Raw,-1.4437568,1.4982382,10.20164,178.91856,-8.4639435,-8.584655,-6.2999997,-0.011301007,-0.022296581,-0.024740042,-1.0,-1.0,-1.0,-1.0,-1.0,-1.0,597024711,1435912803
,ServiceLog,Andrey,1435912911874,Raw,-1.1168685,1.253072,10.351464,26.877205,-9.189019,-5.427199,-8.82,0.28863382,-0.015882496,0.1554652,-1.0,-1.0,-1.0,-1.0,-1.0,-1.0,597024711,1435912803
,ServiceLog,Andrey,1435912912902,Raw,-0.8036005,1.525479,9.833891,35.145264,-7.5106263,-2.4687693,-17.1,0.1459968,-0.11911872,-0.01985312,-1.0,-1.0,-1.0,-1.0,-1.0,-1.0,597024711,1435912803
,ServiceLog,Andrey,1435912913913,Raw,-0.6946377,1.2803127,10.405946,54.772877,-6.9952426,-1.8895628,-14.88,0.2510656,-0.28160888,0.03145956,-1.0,-1.0,-1.0,-1.0,-1.0,-1.0,597024711,1435912803
,ServiceLog,Andrey,1435912914952,Raw,-0.44947147,0.980665,10.010956,96.53243,-7.0342875,-3.7179115,-76.02,-0.20311269,0.059864793,-0.07238753,-1.0,-1.0,-1.0,-1.0,-1.0,-1.0,597024711,1435912803
,ServiceLog,Andrey,1435912915995,Raw,-0.5720546,1.0896279,9.956474,33.025654,-6.442814,-3.521311,-17.4,0.035124753,-0.055283304,0.03848451,-1.0,-1.0,-1.0,-1.0,-1.0,-1.0,597024711,1435912803
,ServiceLog,Andrey,1435912917038,Raw,-0.53119355,1.1032481,10.2152605,7.214891,-6.3885803,-2.5087616,-2.82,0.04550946,0.002443461,-0.0018325958,-1.0,-1.0,-1.0,-1.0,-1.0,-1.0,597024711,1435912803
,ServiceLog,Andrey,1435912918095,Raw,-0.55843425,1.525479,10.038197,43.705242,-7.3764696,-3.0728135,-7.44,0.0070249503,-0.022602014,-0.034513887,-1.0,-1.0,-1.0,-1.0,-1.0,-1.0,597024711,1435912803
,ServiceLog,Andrey,1435912919130,Raw,-0.5720546,1.3756552,10.310603,330.65445,-7.8852057,-2.7011237,11.5199995,-0.034513887,0.050396383,0.037873644,-1.0,-1.0,-1.0,-1.0,-1.0,-1.0,597024711,1435912803
,ServiceLog,Andrey,1435912920194,Raw,-0.13620348,1.4301366,10.20164,88.2236,-9.123336,-1.110743,-4.56,-0.08155051,0.09437868,-0.03145956,-1.0,-1.0,-1.0,-1.0,-1.0,-1.0,597024711,1435912803
,ServiceLog,Andrey,1435912921211,Raw,-0.21792556,1.9068487,9.711308,342.50266,-10.413398,-1.5893894,9.42,0.045814894,0.02107485,0.016187929,-1.0,-1.0,-1.0,-1.0,-1.0,-1.0,597024711,1435912803
,ServiceLog,Andrey,1435912922255,Raw,-0.10896278,1.6208214,9.942854,46.52412,-9.547195,-0.72569984,-14.46,0.07269296,-0.051618114,-0.047036625,-1.0,-1.0,-1.0,-1.0,-1.0,-1.0,597024711,1435912803
,ServiceLog,Andrey,1435912923372,Raw,-0.6810174,1.4437568,10.433187,24.920843,-9.643801,-2.7077956,-5.64,-0.10873401,-0.20433442,0.14660765,-1.0,-1.0,-1.0,-1.0,-1.0,-1.0,597024711,1435912803
,ServiceLog,Andrey,1435912924435,Raw,-0.23154591,1.8251266,9.80665,195.8344,-8.960363,-2.7173212,2.52,-0.02107485,0.05589417,-0.040927973,-1.0,-1.0,-1.0,-1.0,-1.0,-1.0,597024711,1435912803
,ServiceLog,Andrey,1435912925456,Raw,-0.3949901,1.5390993,9.901993,12.847518,-8.861,-2.3511493,-1.74,-0.05955936,0.056199603,0.0125227375,-1.0,-1.0,-1.0,-1.0,-1.0,-1.0,597024711,1435912803
,ServiceLog,Andrey,1435912926514,Raw,-0.38136974,1.6344417,10.133538,16.899174,-9.091312,-2.3175006,-28.32,0.080634214,-0.051923547,-0.07360926,-1.0,-1.0,-1.0,-1.0,-1.0,-1.0,597024711,1435912803
,ServiceLog,Andrey,1435912927544,Raw,-0.24516626,1.8659877,9.956474,343.07068,-9.861948,-2.425198,7.68,-0.013744468,0.027183503,-0.013744468,-1.0,-1.0,-1.0,-1.0,-1.0,-1.0,597024711,1435912803
,ServiceLog,Andrey,1435912928580,Raw,-0.6810174,1.8387469,9.643207,9.809335,-10.561284,-3.8114595,-3.24,0.018325957,-0.07574729,0.024129177,-1.0,-1.0,-1.0,-1.0,-1.0,-1.0,597024711,1435912803
,ServiceLog,Andrey,1435912929708,Raw,-0.61291564,1.8932283,9.888372,358.01462,-10.592827,-3.4469745,5.04,0.016798794,0.009773844,-0.0125227375,-1.0,-1.0,-1.0,-1.0,-1.0,-1.0,597024711,1435912803
,ServiceLog,Andrey,1435912930760,Raw,-0.6810174,1.8387469,9.833891,293.44897,-10.426123,-3.6345165,18.06,0.060170226,-0.018936822,0.0021380284,-1.0,-1.0,-1.0,-1.0,-1.0,-1.0,597024711,1435912803
,ServiceLog,Andrey,1435912931855,Raw,-0.9670447,1.879608,9.833891,158.95564,-10.699274,-3.9296615,-14.219999,-0.004581489,0.12736541,0.032375857,-1.0,-1.0,-1.0,-1.0,-1.0,-1.0,597024711,1435912803
2191,Сретенский бульвар 1,Andrey,1435912932424,Raw,-0.3677494,1.8659877,9.670447,167.26712,-10.934521,-3.3630474,-8.88,0.092240654,-0.21868975,-0.040927973,-1.0,-1.0,-1.0,-1.0,-1.0,-1.0,597024711,1435912803
,ServiceLog,Andrey,1435912932965,Raw,-0.9942854,2.2882185,9.547864,168.0709,-12.713485,-5.291776,-10.679999,0.14569137,-0.058337633,0.30085114,-1.0,-1.0,-1.0,-1.0,-1.0,-1.0,597024711,1435912803
,ServiceLog,Andrey,1435912933994,Raw,-0.7627395,2.0566726,9.697687,182.9664,-12.489518,-5.330951,-2.8799999,-0.06078109,0.007330383,-0.0036651916,-1.0,-1.0,-1.0,-1.0,-1.0,-1.0,597024711,1435912803
,ServiceLog,Andrey,1435912935044,Raw,-0.7763598,2.152015,10.160779,170.15144,-11.997293,-4.8667345,-11.46,0.053450707,0.016187929,-0.043066,-1.0,-1.0,-1.0,-1.0,-1.0,-1.0,597024711,1435912803
,ServiceLog,Andrey,1435912936085,Raw,-0.58567494,2.2201166,9.752169,163.11755,-12.39806,-4.359078,-12.66,-0.03390302,-0.052839845,-0.019547688,-1.0,-1.0,-1.0,-1.0,-1.0,-1.0,597024711,1435912803
,ServiceLog,Andrey,1435912937153,Raw,-0.6537767,2.0294318,9.929234,170.61674,-12.335886,-4.1406083,-9.059999,-0.0711658,0.048258353,-0.026572637,-1.0,-1.0,-1.0,-1.0,-1.0,-1.0,597024711,1435912803
,ServiceLog,Andrey,1435912938194,Raw,-0.667397,2.0294318,9.833891,162.9567,-12.353619,-4.1775727,-13.559999,-0.042455133,-0.02076942,-0.014966198,-1.0,-1.0,-1.0,-1.0,-1.0,-1.0,597024711,1435912803
,ServiceLog,Andrey,1435912939228,Raw,-0.7763598,2.192876,10.051817,164.90506,-12.377246,-3.9037418,-11.759999,0.06811147,0.009162978,0.044593163,-1.0,-1.0,-1.0,-1.0,-1.0,-1.0,597024711,1435912803
,ServiceLog,Andrey,1435912940349,Raw,-0.61291564,2.0294318,9.888372,164.80907,-11.907525,-4.2521453,-12.3,-0.032375857,0.009162978,-0.021380283,-1.0,-1.0,-1.0,-1.0,-1.0,-1.0,597024711,1435912803
,ServiceLog,Andrey,1435912941443,Raw,-0.51757324,2.233737,9.901993,160.58879,-12.475816,-3.1853209,-16.32,0.028405234,-0.028710667,0.0125227375,-1.0,-1.0,-1.0,-1.0,-1.0,-1.0,597024711,1435912803
,ServiceLog,Andrey,1435912942500,Raw,-0.54481393,2.315459,10.160779,160.66576,-12.540668,-2.5557075,-14.46,-0.13133603,0.00061086525,-0.029626964,-1.0,-1.0,-1.0,-1.0,-1.0,-1.0,597024711,1435912803
,ServiceLog,Andrey,1435912943544,Raw,-0.40861043,2.547005,10.092678,158.4654,-14.068554,-1.4672768,-17.22,-0.047036625,0.12980886,0.028710667,-1.0,-1.0,-1.0,-1.0,-1.0,-1.0,597024711,1435912803
,ServiceLog,Andrey,1435912944674,Raw,-0.3405087,2.465283,10.010956,155.59686,-13.787811,-1.7571269,-17.88,-0.02107485,0.024129177,-0.011911872,-1.0,-1.0,-1.0,-1.0,-1.0,-1.0,597024711,1435912803
,ServiceLog,Andrey,1435912945746,Raw,-0.23154591,2.506144,9.615966,144.76994,-14.239194,-0.8988165,-20.1,-0.0729984,0.006414085,-0.03573562,-1.0,-1.0,-1.0,-1.0,-1.0,-1.0,597024711,1435912803
,ServiceLog,Andrey,1435912946779,Raw,-0.23154591,2.3426998,9.697687,149.66922,-14.536899,-1.903493,-19.5,0.07147124,0.09865474,0.044593163,-1.0,-1.0,-1.0,-1.0,-1.0,-1.0,597024711,1435912803
,ServiceLog,Andrey,1435912947811,Raw,-0.3677494,2.3971813,9.970095,147.34032,-13.389728,-1.5267237,-18.779999,0.004886922,0.0030543262,-0.016493361,-1.0,-1.0,-1.0,-1.0,-1.0,-1.0,597024711,1435912803
,ServiceLog,Andrey,1435912948948,Raw,-0.10896278,2.4380422,9.833891,148.54172,-13.539546,-1.2598602,-19.619999,-0.009162978,0.00030543262,-0.017104227,-1.0,-1.0,-1.0,-1.0,-1.0,-1.0,597024711,1435912803
,ServiceLog,Andrey,1435912950069,Raw,-0.5992953,1.9885708,10.079058,147.022,-12.843918,-0.9466149,-21.0,-0.067500606,0.015577064,-0.014966198,-1.0,-1.0,-1.0,-1.0,-1.0,-1.0,597024711,1435912803
,ServiceLog,Andrey,1435912951108,Raw,-0.3405087,2.1792557,9.861132,143.13129,-11.984886,-1.5866312,-20.4,0.022296581,0.022602014,0.0033597588,-1.0,-1.0,-1.0,-1.0,-1.0,-1.0,597024711,1435912803
,ServiceLog,Andrey,1435912952139,Raw,-0.027240695,2.2473574,9.752169,147.73788,-12.599259,-1.392834,-20.82,-0.043676864,-0.0076358155,0.015577064,-1.0,-1.0,-1.0,-1.0,-1.0,-1.0,597024711,1435912803
,ServiceLog,Andrey,1435912953191,Raw,-0.05448139,2.2609777,9.602345,146.55038,-12.773857,-0.9343698,-22.38,-0.095294975,0.005497787,0.00030543262,-1.0,-1.0,-1.0,-1.0,-1.0,-1.0,597024711,1435912803
,ServiceLog,Andrey,1435912954293,Raw,-0.8308412,2.3699405,10.092678,150.81134,-10.906117,-5.281232,-21.6,0.053450707,0.10781772,-0.16371189,-1.0,-1.0,-1.0,-1.0,-1.0,-1.0,597024711,1435912803
,ServiceLog,Andrey,1435912955326,Raw,-1.3620348,2.152015,9.643207,159.6242,-11.760941,-8.046626,-20.88,0.22876903,-0.008552114,0.01160644,-1.0,-1.0,-1.0,-1.0,-1.0,-1.0,597024711,1435912803
2192,Сретенский бульвар 2,Andrey,1435912955431,Raw,-1.3620348,2.152015,9.643207,159.6242,-11.760941,-8.046626,-20.88,-0.04520403,-0.0036651916,-0.036651913,-1.0,-1.0,-1.0,-1.0,-1.0,-1.0,597024711,1435912803
